-3550, -1114, -1606, -2355, 1599, 859
-3721, -1386, -1281, -5266, 978, -107
-3942, -1984, -939, -6327, -197, -1230
-4181, -2728, -643, -4665, -1476, -2278
-4465, -3422, -434, -1482, -2738, -3252
-4768, -3960, -279, 1056, -3554, -4225
-5074, -4365, -151, 1492, -4114, -5639
-5381, -4661, -152, 954, -5854, -7987
-5625, -4873, -320, 997, -7247, -10056
-5805, -4962, -597, 1954, -7623, -11400
-5922, -4890, -908, 2789, -7618, -12475
-5987, -4708, -1223, 2957, -7274, -13189
-5997, -4549, -1528, 3472, -6784, -12829
-5943, -4410, -1786, 4744, -6533, -12403
-5850, -4199, -2012, 5594, -6296, -12933
-5693, -3893, -2199, 5797, -5472, -13549
-5495, -3455, -2320, 6148, -4394, -13856
-5209, -2794, -2345, 5820, -3175, -14208
-4813, -1908, -2276, 4563, -2106, -13613
-4336, -941, -2136, 3305, -1497, -11121
-3896, -85, -1951, 2477, -1466, -6914
-3485, 464, -1775, 1997, -2445, -2537
-3022, 664, -1691, 1975, -3514, 460
-2543, 544, -1676, 2198, -3601, 2428
-2112, 207, -1649, 2617, -2221, 3052
-1780, -149, -1546, 2849, -343, 2341
-1591, -419, -1316, 1773, 1357, 371
-1543, -639, -1030, -135, 1940, -1040
-1542, -847, -763, -1701, 1272, -1299
-1521, -1013, -570, -2673, 471, -1379
-1481, -1067, -434, -3898, 585, -1422
-1504, -1130, -307, -4456, 1201, -520
-1614, -1205, -133, -4349, 1679, 788
-1765, -1182, 122, -5085, 1518, 754
-1950, -1120, 407, -6526, 691, 539
-2247, -1276, 715, -6660, 148, 2637
-2650, -1624, 1108, -5767, -593, 4930
-3054, -1977, 1471, -6666, -3518, 4472
-3346, -2462, 1662, -7930, -6935, 3977
-3623, -3254, 1714, -6515, -8391, 5967
-3852, -4073, 1678, -3823, -9761, 6120
-4011, -4861, 1486, -3210, -11940, 4993
-4059, -5911, 1146, -4010, -13520, 4462
-3957, -6944, 745, -3816, -13421, 1332
-3781, -7642, 326, -3751, -11801, -4487
-3616, -8024, -142, -4161, -10285, -8266
-3386, -8231, -641, -4254, -9646, -9607
-3121, -8283, -1118, -4162, -9216, -11407
-2874, -8110, -1592, -4215, -8470, -13961
-2613, -7717, -2105, -4132, -7622, -16121
-2356, -7196, -2638, -3068, -6645, -17085
-2094, -6594, -3194, -859, -5806, -16816
-1847, -5937, -3747, 2148, -4240, -15773
-1570, -5279, -4316, 5683, -2921, -14877
-1258, -4548, -4792, 8466, -639, -13298
-934, -3686, -5095, 8236, 3107, -12620
-631, -2738, -5262, 4976, 6649, -13039
-355, -1829, -5321, 892, 10024, -12988
-126, -1055, -5211, -625, 13862, -10759
-85, -367, -4915, -113, 17828, -7088
-254, 309, -4425, -1296, 20674, -3829
-521, 812, -3719, -3539, 21300, -1990
-819, 1059, -2870, -4472, 19608, -115
-1131, 1123, -1980, -4291, 17357, 2254
-1452, 1062, -1204, -4535, 14187, 4133
-1665, 926, -577, -4969, 10916, 5348
-1864, 689, 1, -4458, 10605, 7256
-2195, 439, 614, -5181, 11750, 8533
-2647, 160, 1170, -7390, 9922, 8056
-2997, -243, 1629, -8822, 6933, 8505
-3349, -880, 2077, -7670, 6253, 10846
-3749, -1519, 2576, -5701, 5827, 11712
-4158, -1984, 2967, -6269, 2659, 10680
-4519, -2571, 3229, -7708, -524, 11058
-4915, -3283, 3396, -7496, -2581, 11406
-5190, -3867, 3423, -7312, -6032, 10008
-5298, -4382, 3195, -7561, -10085, 9318
-5346, -5114, 2746, -7145, -12882, 11128
-5230, -5881, 2118, -5486, -15258, 11105
-4874, -6266, 1421, -3697, -15635, 5226
-4443, -6312, 653, -4249, -13652, 779
-3997, -6319, -117, -5717, -11518, 346
-3403, -6416, -845, -5112, -10221, 525
-2762, -6249, -1381, -3537, -7001, -1898
-2320, -5859, -1794, -2703, -3304, -4688
-1998, -5391, -2133, -1495, -1603, -4694
-1690, -4935, -2421, 1045, -1197, -2622
-1389, -4469, -2640, 3855, -36, -903
-1150, -3923, -2782, 5835, 2275, -700
-1004, -3285, -2836, 6998, 5095, -1185
-967, -2580, -2802, 7461, 7575, -1110
-1071, -1868, -2717, 7611, 9325, 73
-1319, -1129, -2597, 7146, 10060, 1802
-1552, -455, -2472, 6429, 9934, 3948
-1780, 56, -2383, 6478, 9961, 7260
-2067, 421, -2319, 6599, 10701, 11503
-2383, 624, -2228, 5613, 12020, 14155
-2754, 654, -2121, 3071, 13319, 14763
-3334, 451, -1994, 1080, 14424, 14216
-4060, 135, -1872, 18, 14699, 13820
-4824, -220, -1757, -1181, 13872, 13592
-5555, -607, -1669, -2717, 12273, 13448
-6186, -1168, -1569, -3605, 11309, 14289
-6743, -1874, -1376, -4967, 11248, 14678
-7166, -2448, -1127, -8476, 9292, 10158
-7248, -2749, -960, -14137, 6284, 1619
-6981, -2980, -959, -18288, 5331, -5484
-6628, -3250, -947, -16921, 7686, -7747
-7050, -3416, -16, -22122, 7302, -11611
-6837, -3924, 454, -22381, -10550, -12618
-6075, -4137, 22, -10761, -6977, -8324
-5369, -3909, -395, -1130, -2871, -2568
-4877, -3585, -689, 50, 699, 591
-4561, -3443, -893, 525, 1871, 2732
-4354, -3415, -1073, 3011, 2185, 3460
-4234, -3357, -1245, 6755, 1867, 3136
-4167, -3171, -1403, 9957, 477, 1950
-4097, -2798, -1545, 11109, -868, 835
-4003, -2289, -1668, 9402, -1572, -25
-3849, -1788, -1795, 5760, -1358, -567
-3699, -1405, -1865, 2278, -664, -944
-3599, -1154, -1913, -736, -464, -1558
-3529, -1025, -1966, -1841, -958, -1643
-3474, -982, -2033, -1933, -1383, -1482
-3432, -995, -2124, -1138, -1433, -1021
-3393, -1000, -2225, -117, -1179, -570
-3358, -972, -2308, 316, -329, -417
-3349, -941, -2361, 295, 747, -265
-3371, -947, -2352, 474, 1570, 176
-3414, -993, -2288, 1069, 1929, 641
-3454, -1044, -2207, 1713, 1899, 703
-3484, -1053, -2121, 2024, 1742, 434
-3519, -1028, -2027, 1778, 1665, 70
-3626, -997, -1823, 1562, 62, 171
-3695, -971, -1601, 1084, -732, 307
-3702, -1015, -1552, 904, -1461, 206
-3641, -1041, -1578, 1067, -956, 76
-3590, -1018, -1616, 1175, -190, -105
-3584, -939, -1604, 500, 251, -136
-3589, -905, -1588, -567, 191, -35
-3584, -954, -1597, -1005, 25, 51
-3572, -1029, -1647, -586, -140, 117
-3555, -1078, -1704, -41, -223, 222
-3548, -1101, -1767, 153, -240, 264
-3541, -1110, -1816, -43, -107, 94
-3542, -1120, -1844, -310, 29, -129
-3542, -1129, -1847, -441, -29, -214
-3541, -1146, -1845, -333, -169, -149
-3538, -1162, -1842, -110, -179, -139
-3536, -1169, -1827, 14, -142, -143
