-4220, -1691, -1046, -2190, 206, -2127
-4549, -2186, -855, -3551, -1454, -5417
-5004, -2815, -599, -5398, -1712, -9528
-5678, -3507, -254, -5703, -1873, -13561
-6533, -4178, 10, -3619, -3550, -16855
-7313, -4667, 58, -1176, -7406, -19399
-7830, -4882, -72, 469, -11693, -21535
-7969, -5050, -318, 1381, -12908, -22244
-7987, -5375, -582, 3401, -11752, -22366
-7959, -5731, -815, 6933, -11365, -22959
-7830, -5831, -1084, 10674, -13050, -24693
-7520, -5639, -1462, 13135, -14599, -25406
-7059, -5361, -1893, 14699, -14225, -24309
-6512, -5092, -2318, 17749, -13362, -22719
-5874, -4777, -2696, 21718, -12436, -20512
-5196, -4410, -2922, 25464, -11357, -18337
-4546, -3934, -2959, 28450, -10734, -16739
-3940, -3326, -2889, 28428, -11605, -14835
-3276, -2773, -2747, 26235, -12742, -12098
-2605, -2365, -2546, 24047, -12960, -9649
-1963, -2009, -2329, 22951, -12492, -8040
-1324, -1629, -2135, 21032, -12631, -7354
-741, -1192, -1941, 19593, -12200, -6377
-266, -750, -1809, 18285, -11823, -5658
101, -276, -1774, 16720, -12092, -4412
466, 149, -1810, 14225, -11846, -2790
809, 503, -1882, 11605, -10421, -1147
1113, 726, -1979, 8850, -8418, -47
1389, 880, -2050, 6592, -6170, 345
1630, 1015, -2073, 4860, -4146, 320
1858, 1131, -2044, 3201, -2601, 228
2065, 1187, -1992, 2590, -1613, 346
2274, 1232, -1893, 2864, -834, 791
2500, 1274, -1737, 3417, -166, 1670
2725, 1296, -1543, 3619, 195, 2430
2940, 1274, -1335, 3503, 132, 2932
3131, 1236, -1125, 2951, -359, 2931
3299, 1200, -930, 1866, -1049, 2164
3468, 1151, -765, 930, -1903, 1428
3621, 1097, -675, 591, -3173, 1197
3794, 1074, -687, 252, -4530, 970
3998, 1095, -800, -405, -5891, 575
4189, 1147, -1028, -1487, -6946, 330
4337, 1194, -1379, -2542, -7783, 202
4490, 1187, -1899, -2844, -8613, 238
4743, 1158, -2487, -2811, -8077, 301
5053, 1134, -3057, -2697, -4557, 455
5202, 1123, -3559, -3278, 736, 1143
5139, 1125, -3978, -4634, 5739, 2324
5033, 1097, -4311, -6643, 9269, 3584
4903, 955, -4497, -7938, 13866, 4358
4557, 689, -4523, -7248, 19267, 4548
3992, 410, -4470, -5938, 23331, 4482
3333, 153, -4349, -4471, 25988, 4500
2659, -41, -4152, -3002, 28789, 3483
1855, -213, -3918, -1719, 31505, 2030
901, -318, -3651, -1157, 32104, 934
32, -358, -3332, -1180, 31480, -211
-841, -363, -2956, -1746, 32516, -1874
-1835, -371, -2486, -1704, -32679, -3265
-3010, -294, -1918, -2210, -32679, -3334
-4264, -64, -828, -1747, -32679, -127
-5314, 14, 640, -236, -32679, 5235
-6014, -61, 1941, 1991, 21009, 7506
-6289, -175, 2819, 3769, 8866, 6225
-6274, -233, 3232, 5400, 4310, 4870
-6154, -147, 3519, 4675, 4828, 2166
-6015, 80, 3802, 1358, 4346, -1583
-5802, 326, 3988, -2825, 1882, -4422
-5420, 463, 3966, -5496, -334, -5670
-4944, 516, 3802, -5695, -547, -5461
-4483, 479, 3583, -4321, 478, -4009
-4123, 376, 3386, -2063, 1679, -2036
-3853, 284, 3232, -860, 2403, -983
-3674, 173, 3106, -613, 2774, -688
-3547, 41, 2965, -332, 2490, -755
-3448, -84, 2793, 159, 2038, -877
-3319, -181, 2602, 385, 1583, -1247
-3168, -254, 2393, 370, 1406, -1759
-3014, -315, 2189, 313, 1730, -2265
-2891, -375, 2005, 52, 1996, -3074
-2801, -383, 1838, -997, 1719, -4379
-2642, -365, 1661, -2667, 1400, -5674
-2478, -364, 1459, -3929, 2003, -6276
-2355, -402, 1267, -4699, 3641, -6166
-2322, -458, 1134, -5121, 4981, -5833
-2337, -472, 1061, -6284, 5384, -5816
-2326, -492, 977, -8117, 4936, -5940
-2291, -587, 864, -9356, 4929, -5681
-2281, -744, 751, -9436, 5875, -4955
-2330, -897, 676, -8929, 6643, -4049
-2412, -1074, 635, -8528, 6628, -2883
-2532, -1289, 615, -7877, 6559, -1794
-2668, -1483, 601, -7126, 6428, -1100
-2807, -1593, 593, -7418, 5813, -983
-2920, -1666, 566, -9009, 4828, -1317
-2980, -1753, 507, -10193, 3895, -1646
-2999, -1819, 429, -10219, 2930, -1448
-3029, -1821, 335, -10014, 1472, -654
-3062, -1846, 191, -10873, -13, 422
-3095, -1939, 13, -12035, -786, 928
-3156, -2038, -201, -12781, -1146, 802
-3268, -2139, -430, -12602, -1385, 969
-3312, -2232, -630, -10930, -1212, 1901
-3328, -2242, -785, -9284, -543, 3436
-3385, -2223, -929, -8888, -213, 4608
-3501, -2197, -1055, -8844, -408, 4872
-3637, -2138, -1161, -8745, -495, 4936
-3778, -2007, -1269, -9889, -874, 4637
-3932, -1874, -1415, -12208, -1803, 3970
-4130, -1820, -1657, -14308, -3406, 3389
-4339, -1880, -1969, -14549, -4806, 3491
-4532, -1991, -2303, -13785, -5318, 4329
-4662, -2200, -2618, -12679, -4132, 5782
-4730, -2512, -2869, -11640, -1823, 6981
-4694, -2953, -3032, -9269, 916, 6729
-4573, -3359, -3080, -4756, 3901, 3884
-4495, -3593, -3030, 50, 6794, -245
-5219, -3436, -1925, -1783, 7868, -5939
-5312, -3030, -1153, -3971, -4391, -5914
-5022, -2658, -1024, -1083, -5396, -4430
-4630, -2349, -1105, 1438, -3470, -3149
-4312, -2031, -1219, 1231, -591, -2894
-4101, -1737, -1278, 288, 990, -1862
-3968, -1537, -1300, -494, 1198, -812
-3865, -1479, -1358, 13, 1011, -152
-3781, -1459, -1450, 1442, 797, 252
-3718, -1400, -1550, 2015, 619, 390
-3681, -1353, -1645, 1799, 392, 204
-3648, -1317, -1731, 1732, 363, 277
-3624, -1303, -1793, 1979, 495, 584
-3615, -1300, -1821, 2295, 623, 839
-3619, -1296, -1820, 2228, 462, 705
-3620, -1287, -1811, 2032, 188, 308
-3585, -1274, -1828, 2189, -60, 47
-3551, -1248, -1850, 2660, 50, -240
-3526, -1196, -1865, 3568, 106, -97
-3503, -1099, -1848, 4085, 71, 399
-3508, -978, -1806, 2873, -14, 459
-3522, -929, -1764, 922, -111, 179
-3544, -977, -1744, 107, -109, 35
-3560, -1074, -1746, 538, -43, 63
-3593, -1156, -1754, 1584, -19, 195
-3625, -1176, -1754, 2090, -12, 239
-3651, -1160, -1751, 2016, -44, 277
-3659, -1150, -1741, 1919, -105, 322
-3648, -1135, -1728, 1970, -121, 297
-3623, -1092, -1709, 1543, -94, 172
-3596, -1039,