-3954, -1365, -559, -2447, 300, -2037
-4288, -1595, -343, -3731, -1233, -3760
-4729, -1952, -115, -5020, -2943, -4909
-5198, -2467, 9, -4355, -4889, -6001
-5587, -2986, 13, -2442, -7117, -7949
-5921, -3454, -94, -1033, -7956, -10282
-6208, -3894, -241, 408, -7483, -12488
-6457, -4257, -392, 2053, -6841, -14347
-6703, -4580, -514, 2559, -6603, -16485
-6825, -4792, -626, 2991, -7192, -18975
-6790, -4922, -729, 4518, -7735, -19540
-6702, -5071, -840, 6732, -9025, -19222
-6522, -5125, -1002, 9390, -11469, -18920
-6180, -5020, -1214, 11169, -12863, -18337
-5757, -4792, -1456, 12281, -13226, -17827
-5351, -4649, -1676, 13007, -13025, -17093
-4881, -4547, -1859, 14983, -13108, -16138
-4344, -4309, -1996, 17489, -13092, -15740
-3828, -3899, -2028, 18643, -12471, -15809
-3399, -3484, -1981, 18097, -12106, -15134
-3003, -3154, -1909, 17244, -13198, -14169
-2568, -2858, -1863, 17569, -14142, -13490
-2126, -2493, -1788, 18814, -13182, -13040
-1705, -1972, -1650, 19141, -12210, -12052
-1331, -1393, -1441, 17269, -11819, -10368
-920, -897, -1284, 13781, -12581, -8695
-510, -570, -1191, 11725, -12819, -7536
-74, -342, -1114, 11548, -12134, -6759
297, -77, -1086, 11537, -11270, -6317
659, 243, -1077, 10741, -10853, -5830
1041, 586, -1097, 9168, -10241, -4978
1430, 871, -1101, 7942, -9391, -3342
1819, 1079, -1091, 7401, -8679, -1469
2179, 1220, -1080, 6787, -7427, -537
2486, 1294, -1050, 6370, -6537, -560
2727, 1350, -1051, 6136, -6430, -922
2958, 1437, -1070, 5885, -6238, -1257
3172, 1527, -1106, 5727, -5449, -1061
3355, 1597, -1174, 5621, -4841, -367
3551, 1647, -1271, 5325, -4267, 263
3770, 1667, -1354, 4742, -3060, 598
3944, 1643, -1402, 4236, -1879, 879
4077, 1592, -1393, 3979, -1416, 970
4203, 1518, -1319, 3891, -1532, 801
4281, 1426, -1216, 4097, -2461, 459
4346, 1352, -1094, 4182, -3960, -137
4324, 1335, -937, 3644, -5775, -840
4067, 1320, -698, 1890, -9616, -2145
3597, 1314, -662, -30, -17413, -4359
3124, 1345, -1069, -217, -23008, -5358
2831, 1407, -1887, 1263, -24046, -4850
2669, 1514, -2946, 3328, -22036, -2321
2657, 1679, -4101, 3879, -18034, 863
2802, 1897, -5242, 2032, -12354, 2946
3062, 2098, -6228, -1823, -2754, 4412
3085, 2132, -6969, -4478, 7703, 6192
2838, 2048, -7427, -4899, 15701, 7910
2511, 1868, -7587, -4594, 22505, 8666
2071, 1646, -7531, -4740, 28519, 8668
1502, 1356, -7328, -5352, -32679, 8496
980, 1010, -7027, -5426, -32679, 7890
484, 664, -6678, -4490, -32679, 6589
-144, 417, -6299, -3565, -32679, 4450
-879, 237, -5871, -3763, -32679, 2608
-1592, 47, -5296, -2674, -32679, 565
-2390, -13, -4710, -755, -32679, -1721
-3358, 200, -3931, -1425, -32679, -960
-4477, 442, -2833, -1949, -32679, 2892
-5355, 386, -1487, 221, 31253, 7525
-5953, 162, -317, 2580, 27519, 8399
-6288, -49, 672, 3307, 23244, 5759
-6565, -168, 1696, 4377, 20761, 3313
-6833, -69, 2824, 4584, 18764, 1920
-7025, 214, 3942, 2518, 14255, 852
-6952, 488, 4763, -1258, 7150, -708
-6643, 585, 5084, -3735, 413, -2307
-6124, 545, 4974, -3309, -3633, -2638
-5525, 488, 4672, -600, -4021, -1144
-4954, 498, 4355, 1515, -3132, 21
-4429, 583, 4076, 1726, -2594, 106
-3932, 648, 3775, 384, -2866, -599
-3454, 646, 3402, -873, -3328, -1577
-3011, 593, 2978, -1678, -3358, -2542
-2625, 517, 2540, -2087, -2887, -3301
-2284, 454, 2134, -2682, -1981, -3944
-1949, 393, 1741, -3543, -1107, -4575
-1690, 334, 1355, -4741, -129, -5117
-1579, 197, 996, -6778, 1050, -5228
-1494, -36, 687, -9784, 2328, -5462
-1322, -297, 393, -12298, 3653, -7127
-1116, -488, 115, -13767, 5420, -9918
-1018, -555, -136, -15024, 7274, -11946
-996, -545, -346, -16537, 9240, -11674
-1057, -588, -484, -17136, 11236, -9086
-1187, -728, -528, -16351, 12475, -5474
-1371, -919, -496, -14582, 12412, -2531
-1595, -1074, -418, -13307, 10615, -566
-1826, -1201, -343, -13736, 8159, 1047
-2041, -1316, -346, -15914, 5726, 1998
-2393, -1568, -456, -17207, 3128, 3345
-2788, -2120, -589, -13322, 3498, 7798
-3291, -2742, -720, -9815, 3890, 12640
-3758, -3308, -829, -8367, 3118, 14612
-4071, -3757, -906, -7291, 1832, 11894
-4226, -3991, -983, -5952, 324, 6924
-4299, -3925, -1078, -4125, -170, 3953
-4368, -3629, -1204, -3602, 478, 3362
-4502, -3242, -1340, -4989, 2115, 4325
-4731, -2901, -1489, -7393, 3389, 5420
-5020, -2716, -1661, -8960, 3881, 6497
-5309, -2698, -1851, -8925, 3764, 7568
-6211, -2971, -1670, -6630, 3242, 7841
-6943, -3201, -224, -14928, -8417, 2724
-7135, -3605, 437, -13803, -12585, -2434
-6628, -3637, 372, -2768, -5328, -2851
-6146, -3158, 221, 6200, 779, -2329
-5707, -2755, -104, 7592, 1035, -2234
-5190, -2489, -411, 9056, 3186, -2258
-4870, -2044, -499, 7763, 4966, -1945
-4575, -1621, -524, 3567, 4180, -1945
-4297, -1417, -662, 553, 2894, -1434
-4081, -1335, -841, -372, 1405, -604
-3903, -1318, -1045, -535, 201, -493
-3771, -1321, -1220, -7, -891, -230
-3666, -1328, -1393, 955, -1581, 320
-3577, -1335, -1550, 1811, -1326, 865
-3518, -1331, -1673, 2535, -570, 1282
-3480, -1315, -1742, 2900, 265, 1572
-3465, -1298, -1748, 2915, 993, 1660
-3512, -1271, -1667, 1682, 1458, 1135
-3589, -1252, -1556, -389, 1298, -22
-3706, -1243, -1414, -1771, 507, -1010
-3771, -1254, -1295, -1984, -881, -1034
-3769, -1253, -1269, -1228, -1113, -629
-3743, -1254, -1277, -281, -718, -246
-3715, -1244, -1274, 69, -350, -213
-3690, -1226, -1266, -106, -148, -228
-3663, -1227, -1255, -319, 85, -170
-3645, -1249, -1244, -206, 285, -81
-3642, -1282, -1238, 259, 350, 32
-3645, -1299, -1246, 840, 253, 216
-3648, -1299, -1270, 1230, 142, 378
-3648, -1287, -1303, 1366, 115, 465
-3650, -1275, -1331, 1190, 136, 336
-3646, -1256, -1352, 994, 142, 212
-3641, -1232, -1370, 811, 87, 159
-3633, -1217, -1385, 759, 40, 169
-3621, -1204, -1396, 803, -28, 156
-3609, -1185, -1404, 788, -80, 120
-3601, -1156, -1404, 554, -109, 43
