-3761, -1477, -1215, 1008, -1055, -1745
-3977, -1534, -1236, 855, -1058, -2893
-4320, -1557, -1344, -50, -1914, -5009
-4770, -1616, -1451, -1123, -2554, -7850
-5363, -1639, -1568, -1653, -4005, -11663
-5993, -1631, -1786, -1907, -5626, -16825
-6312, -1269, -1979, -2489, -6248, -21777
-6450, -799, -2145, -5904, -5487, -25162
-6372, -308, -2090, -7334, -4867, -24718
-6012, 68, -1915, -7688, -4289, -20125
-5375, 257, -1707, -6428, -5114, -10758
-4404, -169, -1536, -3247, -7395, 167
-3225, -920, -1317, -877, -8331, 4997
-1903, -1655, -1036, -3299, -6670, 3502
-577, -2588, -799, -7704, -3887, 607
545, -3930, -635, -7819, -2490, -1269
1417, -5293, -604, -3720, -2689, -3331
1993, -6194, -677, -449, -2003, -6866
2216, -6640, -818, -629, -267, -10633
2076, -6908, -1098, -2694, 641, -13750
1751, -7076, -1490, -3178, 974, -15592
1329, -6969, -1947, -3379, 1902, -17001
924, -6577, -2405, -5779, 3096, -18537
599, -6090, -2877, -9540, 4549, -19036
322, -5643, -3404, -11870, 5440, -17797
133, -5079, -3889, -13259, 6363, -15630
7, -4445, -4304, -16638, 8660, -14137
-215, -3886, -4738, -19697, 10239, -12247
-448, -3499, -5279, -19248, 9801, -7796
-511, -3296, -5809, -15646, 10615, -2609
-504, -3190, -6163, -11125, 15207, 632
-635, -3032, -6241, -7603, 21026, 1167
-871, -2798, -6079, -4465, 23252, 2191
-7249, -8791, 1690, 20574, -32679, 12728
-5163, -7695, 3, 5247, -13969, 5404
-2887, -6688, -1949, -191, -27327, -5537
-2135, -5434, -1727, 860, -6573, 2857
-1451, -4723, -2037, 1510, 12374, 4103
-1247, -4323, -2049, -983, 9718, 2010
-829, -3894, -1797, 4411, -1811, 3840
-255, -3771, -1674, 4825, 5, 3883
21, -3439, -1562, 4453, 733, 3830
318, -3220, -1582, 3963, 239, 5000
550, -3026, -1634, 4963, 669, 6659
732, -2859, -1641, 6754, 40, 8531
863, -2754, -1615, 9207, -360, 10602
986, -2698, -1591, 12186, -494, 12800
1078, -2645, -1540, 15667, -18, 15392
1102, -2521, -1432, 18696, 672, 17910
1100, -2334, -1304, 19748, 1408, 19702
1000, -2086, -1110, 17879, 2048, 21738
792, -1871, -809, 11399, 3222, 21477
516, -1734, -479, 4686, 3776, 19177
243, -1689, -195, 243, 4219, 16208
-21, -1612, -69, -1754, 4010, 14858
-413, -1516, -70, -7023, 3235, 15405
-887, -1858, -150, -13743, 2702, 15706
-1261, -2633, -271, -12799, 2930, 15657
-1470, -3307, -365, -5349, 3510, 14684
-1656, -3450, -369, 1925, 4640, 13174
-1969, -3197, -363, 4313, 5352, 13089
-2347, -2776, -364, 615, 5436, 13818
-2725, -2484, -421, -5211, 4815, 13359
-3129, -2363, -585, -7904, 3378, 12316
-3561, -2283, -865, -8533, 1791, 11062
-4049, -2192, -1228, -10031, 978, 10569
-4518, -2166, -1617, -13404, 902, 10102
-4955, -2328, -1995, -16115, 2310, 9724
-5335, -2789, -2276, -15195, 4811, 9619
-5652, -3309, -2257, -11636, 7597, 8386
-6029, -3956, -1923, -10020, 5699, 2190
-6159, -4419, -1561, -5937, -1828, -4648
-5870, -4265, -1543, 1049, -4482, -5498
-5519, -3744, -1439, 6072, -4314, -5571
-5129, -3117, -1362, 8626, -2990, -4676
-4761, -2506, -1297, 8728, -2318, -3473
-4430, -1979, -1268, 6372, -1235, -2620
-4146, -1616, -1291, 3326, -37, -1884
-3931, -1394, -1331, 1368, 1030, -1397
-3797, -1267, -1347, 380, 1519, -1128
-3725, -1202, -1344, -149, 1430, -1042
-3685, -1172, -1338, -382, 1009, -953
-3643, -1194, -1349, -587, 707, -779
-3601, -1246, -1382, -436, 508, -251
-3563, -1298, -1437, -10, 625, 610
-3551, -1358, -1467, 272, 748, 1082
-3567, -1431, -1474, 173, 668, 900
-3611, -1491, -1456, 38, 384, 353
-3636, -1539, -1443, -87, -45, -122
-3638, -1540, -1453, 234, -151, -24
-3627, -1528, -1461, 569, -108, 185
-3615, -1509, -1455, 774, -180, 230
-3599, -1479, -1440, 760, -269, 156
-3581, -1435, -1423, 680, -270, 120
-3566, -1384, -1403, 551, -243, 117
-3560, -1339, -1380, 379, -224, 86
-3569, -1298, -1358, 135, -199, 44
-3576, -1277, -1343, -183, -137, 4
-3580, -1279, -1335, -400, -26, -31
-3584, -1299, -1334, -431, 49, -41
-3587, -1329, -1344, -258, 86, -18
-3588, -1358, -1352, -89, 96, -15
-3589, -1380, -1351, 28, 61, -32
-3584, -1399, -1340, 81, -38, -62
-3572, -1408, -1335, 134, -147, -71
-3557, -1402, -1337, 233, -221, -31
-3541, -1390, -1340, 256, -184, -47
-3541, -1371, -1343, 156, -149, -122
-3545, -1344, -1332, 18, -178, -147
-3556, -1323, -1325, -104, -162, -153
-3563, -1309, -1329, -223, -143, -178
-3574, -1301, -1337, -283, -67, -191
-3595, -1301, -1338, -376, -20, -200
-3615, -1314, -1330, -446, -36, -244
-3620, -1336, -1330, -445, -37, -240
-3614, -1361, -1334, -313, -5, -148
-3605, -1383, -1330, -187, -25, -78
-3596, -1398, -1325, -155, -65, -73
-3586, -1404, -1319, -130, -84, -49
-3578, -1402, -1321, -42, -66, 26
-3581, -1397, -1322, -46, -59, 30
-3583, -1396, -1320, -124, -81, 9
-3585, -1397, -1327, -125, -58, 29
-3587, -1393, -1337, -20, -59, 79
-3589, -1381, -1339, 49, -89, 93
-3589, -1367, -1339, -10, -141, 43
-3586, -1351, -1340, -95, -151, -17
-3585, -1334, -1345, -188, -91, -21
-3584, -1328, -1348, -272, -31, 12
-3582, -1336, -1347, -297, -13, 24
-3586, -1355, -1336, -245, -2, 57
-3589, -1376, -1333, -179, -29, 59
-3590, -1397, -1338, -50, -103, 62
-3587, -1406, -1345, 92, -72, 78
-3582, -1407, -1346, 191, -81, 87
-3576, -1399, -1351, 222, -104, 27
-3563, -1379, -1363, 155, -96, -54
-3555, -1345, -1374, 67, -18, -23
-3561, -1320, -1369, -154, 31, -85
-3568, -1309, -1361, -356, -9, -185
-3572, -1310, -1358, -417, -42, -185
-3574, -1327, -1351, -457, -43, -155
-3574, -1365, -1350, -406, 4, -130
-3573, -1404, -1352, -175, 56, -47
-3579, -1425, -1345, 144, 45, 51
-3583, -1422, -1347, 239, 4, 104
-3580, -1411, -1351, 235, 24, 124
-3581, -1392, -1348, 263, 104, 197
-3582, -1376, -1338, 319, 115, 235
-3582, -1357, -1339, 303, 124, 207
