-3309, -1468, -1272, -484, 1277, 1606
-3424, -1633, -1258, 874, 1012, 1461
-3595, -1753, -1307, 2217, 235, 1017
-3807, -1748, -1384, 3132, -696, 13
-4050, -1529, -1454, 2938, -1126, -1878
-4368, -1132, -1536, 1074, -1657, -4124
-4574, -743, -1693, -2064, -2786, -6749
-4845, -383, -1745, -5618, -3489, -9591
-5242, -280, -1725, -8766, -4627, -12268
-5708, -445, -1792, -8365, -7093, -14025
-5804, -675, -1925, -5933, -8756, -16272
-5658, -825, -2145, -3169, -6969, -17971
-5201, -753, -2151, -1969, -5810, -16907
-4547, -706, -1959, -935, -3084, -13089
-3829, -713, -1707, -212, -2289, -7610
-3054, -865, -1347, -1616, -3421, -2542
-2259, -1312, -937, -5551, -5503, 212
-1469, -2152, -617, -9419, -7019, -618
-726, -3394, -579, -11083, -8927, -2707
62, -4718, -792, -10199, -8883, -6271
709, -5769, -1095, -8103, -5269, -9471
1012, -6409, -1408, -6825, -875, -11738
1003, -6677, -1845, -8160, 720, -14165
949, -6712, -2393, -10275, 1620, -16241
834, -6636, -3013, -10839, 3821, -15464
665, -6546, -3559, -9601, 7931, -13582
372, -6302, -3913, -8803, 12011, -12420
20, -5803, -4122, -12333, 14482, -12518
-311, -5366, -4325, -15257, 14479, -11907
-509, -4997, -4503, -14688, 13808, -10634
-590, -4553, -4625, -11392, 14276, -9124
-702, -3884, -4660, -10137, 15137, -8125
-897, -3251, -4718, -10361, 13912, -5914
-977, -2848, -4857, -8898, 11189, -2049
-908, -2498, -5013, -5044, 10551, 583
-952, -1984, -5221, -2153, 10781, 2525
-1049, -1552, -5508, -2429, 10791, 4642
-1094, -1412, -5837, -3703, 12043, 6336
-992, -1526, -5963, -3356, 16812, 6770
-2499, 1022, -3482, -14323, -32679, -5158
1460, 325, -5430, 14123, -32678, 6681
1241, 455, -4196, 523, -5636, 2917
861, 618, -3535, -5749, 14363, 3398
518, -125, -3545, -8216, 15789, -305
357, -918, -3562, -1083, 4743, 4148
513, -1705, -3469, 10313, -4628, 8059
797, -2140, -3357, 20406, -6777, 11096
983, -2135, -3203, 23805, -5830, 12611
1081, -1845, -2982, 19336, -5080, 12637
1106, -1558, -2751, 11835, -4610, 12028
1079, -1553, -2544, 6932, -4237, 12161
1036, -1805, -2382, 7945, -3680, 13745
957, -2048, -2266, 12330, -3287, 16644
850, -2147, -2148, 15435, -2751, 19545
726, -2137, -1988, 14961, -1612, 21201
576, -2150, -1703, 12812, 1081, 20978
358, -2177, -1324, 11890, 4496, 19036
-95, -2149, -1024, 10516, 5948, 17538
-719, -2091, -717, 2819, 5062, 19175
-1328, -2321, -520, -7693, 3516, 18400
-1671, -2815, -472, -11801, 2395, 14439
-1760, -3233, -549, -9846, 2045, 9198
-1818, -3282, -600, -5598, 3242, 5843
-2032, -3030, -640, -3065, 4461, 6741
-2381, -2777, -652, -2469, 5525, 11844
-2786, -2638, -645, -3246, 5010, 15152
-3161, -2634, -675, -3409, 3606, 14717
-3542, -2559, -765, -3918, 2416, 12440
-3938, -2336, -912, -7916, 2123, 9552
-4478, -2136, -1063, -14518, 2575, 7035
-4863, -2280, -1180, -21691, 371, 3566
-5137, -2541, -1473, -23290, 1307, 2770
-5340, -3172, -1761, -21487, 1674, 1722
-5375, -3827, -2018, -14801, 1763, 703
-5348, -4298, -2074, -3400, 547, -93
-5188, -4081, -1800, 3644, -1109, -2155
-4931, -3386, -1600, 5902, -1769, -2637
-4585, -2731, -1523, 4507, -1112, -1867
-4283, -2236, -1528, 3085, 60, 212
-4104, -1986, -1571, 1328, 764, 1465
-3998, -1918, -1632, 1117, 786, 1479
-3938, -1857, -1660, 1713, 620, 421
-3918, -1746, -1682, 2568, 354, -221
-3923, -1584, -1675, 3380, -124, 147
-3909, -1402, -1659, 3296, -607, 574
-3851, -1254, -1657, 2323, -782, 489
-3763, -1138, -1662, 1264, -476, 9
-3702, -1034, -1648, 671, -91, -264
-3688, -916, -1599, 405, -75, -205
-3694, -845, -1544, -97, -274, -175
-3682, -848, -1530, -616, -362, -311
-3664, -875, -1536, -974, -135, -426
-3662, -918, -1536, -1084, 41, -367
-3677, -981, -1525, -783, 48, -160
-3683, -1042, -1512, -280, -134, -35
-3675, -1072, -1508, 94, -178, 16
-3666, -1071, -1498, 320, -82, 83
-3657, -1043, -1487, 312, -45, 76
-3650, -1018, -1488, 214, 92, 140
-3654, -1022, -1483, 147, 204, 190
-3665, -1044, -1477, 249, 157, 163
-3669, -1056, -1481, 401, -4, 133
-3662, -1060, -1501, 419, -122, 102
-3652, -1047, -1508, 238, -78, 9
-3647, -1023, -1495, 71, -38, -46
-3653, -1001, -1479, -31, -31, -31
-3656, -1006, -1478, -84, -39, 13
-3657, -1030, -1490, 2, -5, 60
-3662, -1051, -1497, 186, 12, 74
-3671, -1047, -1484, 394, -37, 92
-3675, -1037, -1478, 489, -94, 78
-3675, -1037, -1485, 497, -101, 56
-3670, -1040, -1494, 494, -83, 37
-3671, -1039, -1498, 558, -99, 27
-3666, -1039, -1489, 604, -131, 24
-3658, -1036, -1481, 730, -128, 20
-3657, -1028, -1470, 818, -143, 21
-3659, -1020, -1464, 694, -118, 85
-3655, -1033, -1460, 462, -37, 147
-3652, -1049, -1448, 526, 3, 175
-3653, -1040, -1436, 659, -61, 120
-3647, -1019, -1437, 531, -97, 102
-3638, -1010, -1438, 176, -35, 52
-3639, -1013, -1442, 6, 17, 49
-3644, -1021, -1438, 56, -92, 29
-3648, -1014, -1430, 80, -125, -50
-3656, -999, -1422, -61, -89, -60
-3662, -1005, -1429, -129, -65, -24
-3666, -1015, -1432, -28, -43, 0
-3673, -1015, -1424, 33, -23, -6
-3678, -1005, -1408, -7, -46, -15
-3676, -997, -1407, -68, -62, -27
-3666, -992, -1412, -159, -14, -45
-3660, -985, -1411, -299, 45, -89
-3664, -993, -1402, -421, 109, -53
-3681, -1026, -1397, -336, 52, 0
-3687, -1064, -1403, -73, -111, 55
-3683, -1066, -1404, 85, -123, 15
-3679, -1044, -1396, 27, -75, 44
-3674, -1037, -1387, -132, -51, 49
-3671, -1049, -1391, -207, -36, 22
-3668, -1065, -1396, -84, -29, 55
-3673, -1070, -1388, 80, -38, 113
-3674, -1074, -1382, 231, -89, 146
-3665, -1067, -1382, 326, -91, 124
-3657, -1052, -1383, 279, -36, 47
-3652, -1029, -1392, 130, 47, -31
-3651, -1011, -1391, -79, 72, -82
-3651, -1013, -1393, -220, 34, -97
-3651, -1033, -1407, -205, -17, -58
